0.38224432
0.9078341
0.76943266
62
Line
0.8941618
0.40278327
0.5066988
172.65115
355.25616
278.34885
436.74384
Line
0.46369824
0.7499924
0.50990325
239.2732
79.83746
496.7268
134.16254
Rectangle
0.73445845
0.44413587
0.040681172
137
95
34
18
Line
0.5521714
0.03421125
0.58357495
124.67637
85.60893
109.32363
136.39107
Rectangle
0.05178991
0.7775506
0.11868648
163
608
57
19
Rectangle
0.94915617
0.5840327
0.68205816
580
84
32
43
Rectangle
0.6624958
0.017548144
0.24018067
542
192
55
36
Rectangle
0.6707663
0.88485366
0.03543199
146
585
23
20
Rectangle
0.01391644
0.4435255
0.058229316
270
382
18
54
Rectangle
0.34266183
0.76073486
0.8026673
65
302
48
41
Line
0.42268136
0.25321206
0.9613025
481.9947
438.5497
531.0053
258.4503
Circle
0.5007477
0.94054997
0.21597949
487
328
31
Circle
0.4379406
0.4420301
0.7803583
316
402
12
Line
0.01699881
0.24954985
0.85064244
242.60748
366.72144
417.39252
158.27853
Line
0.32966095
0.30664998
0.6208991
324.1203
309.3542
214.87968
154.64581
Circle
0.65022737
0.4257027
0.019135106
259
192
26
Line
0.7019257
0.5741447
0.8200629
158.35274
200.48473
127.64726
285.51526
Rectangle
0.7218543
0.5610828
0.2911771
648
187
32
32
Line
0.2311777
0.15567492
0.028504288
506.45605
476.2591
190.54395
309.7409
Line
0.91668445
0.16827907
0.13773003
414.65933
258.64728
223.34064
289.35272
Line
0.5296182
0.5256508
0.41752374
269.19556
401.131
243.80446
193.86902
Circle
0.20877713
0.87185276
0.7009186
487
521
13
Rectangle
0.13330485
0.7253944
0.011139256
175
308
22
29
Circle
0.9121067
0.724662
0.68834496
64
299
22
Rectangle
0.6155583
0.99218726
0.14297922
246
611
45
32
Line
0.85637987
0.14935759
0.39271218
283.9156
164.29596
174.08446
101.70404
Circle
0.82525104
0.013092441
0.038453322
399
289
23
Circle
0.6878872
0.50480664
0.83639026
442
63
32
Circle
0.24991608
0.8040407
0.5217139
195
490
21
Rectangle
0.29517502
0.27729118
0.040803246
210
235
39
54
Circle
0.5043489
0.21344645
0.8476821
139
518
17
Circle
0.3599353
0.8971831
0.4211249
632
623
26
Rectangle
0.9436018
0.051362652
0.6590777
585
165
28
46
Rectangle
0.032654807
0.18012024
0.30573443
186
234
57
36
Rectangle
0.4013184
0.84328747
0.068544574
61
640
26
35
Rectangle
0.7335429
0.3937193
0.5807062
518
162
23
28
Rectangle
0.053163245
0.20905179
0.86556596
332
647
54
53
Rectangle
0.07821894
0.94857633
0.4593951
58
95
45
20
Line
0.40498063
0.8667867
0.8485061
272.26398
161.17422
503.73608
331.82578
Line
0.92855614
0.7149571
0.37699515
150
320.47546
150
379.52454
Line
0.40598774
0.26172674
0.28168583
160.23773
300
189.76227
300
Line
0.56828517
0.9641713
0.009979553
160.23773
400
189.76227
400
Circle
0.68730736
0.82033753
0.47743157
200
350
28
Line
0.0040894803
0.93490404
0.4207587
246.14265
379.52454
263.85733
320.47546
Line
0.92501605
0.8288522
0.50306714
276.14267
320.47546
293.85733
379.52454
Line
0.39115575
0.024567401
0.32706687
261.14267
360
278.85733
360
Line
0.32853174
0.93758965
0.0129093295
336.14267
320.47546
353.85733
379.52454
Line
0.5839717
0.606006
0.4965972
366.14267
379.52454
383.85733
320.47546
Line
0.25394452
0.28955963
0.20538957
420
320.47546
420
379.52454
Rectangle
0.8121891
0.46848965
0.26648763
420
300
28
5
Rectangle
0.9421674
0.274514
0.9050264
420
345
22
5
Rectangle
0.4812769
0.8843959
0.18787195
420
390
28
5
Rectangle
0
1
1
113
128
110
110
Rectangle
0
1
1
196
319
110
110
Rectangle
0
1
1
96
429
110
110
Rectangle
0
1
1
537
453
110
110
Rectangle
0
1
1
459
183
110
110
Line
1
0
0
386
116
200
200
Line
1
0
0
308
93
200
200
Line
1
0
0
185
123
200
200
Line
1
0
0
78
331
200
200
Line
1
0
0
125
399
200
200
