0.84344006
0.7577746
0.72386855
97
Rectangle
0.081453905
0.8395337
0.04956206
93
110
40
40
Line
0.8641621
0.9862667
0.8858608
262.43396
179.8824
227.5661
191.1176
Line
0.90713215
0.115207374
0.0557268
245.78487
271.45215
220.21515
231.54785
Line
0.6836146
0.13199255
0.51405376
161.84595
279.77667
183.15405
235.22336
Line
0.06552324
0.87441635
0.43870357
132.0164
222.19872
169.98361
209.80128
Line
0.5023957
0.5944395
0.111728266
116.75477
161.15224
163.24522
182.84776
Line
0.006714072
0.5048677
0.7788324
170.17044
153.52141
186.82956
179.47859
Ellipse
0.47740105
0.54649496
0.76845604
365
122
36
17
Circle
0.39228493
0.03216651
0.6522416
476
234
21
Circle
0.40092167
0.3243507
0.7275613
69
71
6
Line
0.8492996
0.20172735
0.6034425
352.8086
221.82135
193.1914
186.17865
Line
0.7670217
0.07190161
0.17154454
148.46036
392.95898
127.53965
298.04102
Circle
0.34910122
0.68584245
0.7429731
277
242
6
Line
0.46287423
0.51039153
0.632252
159.65088
174.37102
107.34912
135.62898
Line
0.21146275
0.4156621
0.9700919
393.1258
530.0666
400.8742
447.93344
Rectangle
0.08539079
0.832728
0.025696585
604
113
25
19
Line
0.73317665
0.038361765
0.820307
125.44029
274.68365
152.55971
298.31635
Line
0.8823817
0.7232276
0.31266212
286.61346
398.15955
478.3866
247.84045
Circle
0.4421827
0.49906918
0.93832207
367
502
19
Circle
0.31907102
0.5020905
0.7835322
472
78
9
Line
0.9764092
0.7479171
0.1752678
418.00183
281.43576
374.99817
203.56424
Circle
0.26953948
0.3949095
0.96856594
178
511
16
Rectangle
0.5876034
0.57203895
0.31186864
105
190
12
10
Line
0.8330638
0.92718285
0.17303994
190.64267
539.1358
119.35732
522.8642
Line
0.27042452
0.5526597
0.40559098
342.62076
155.58434
362.37924
185.41566
Rectangle
0.77553636
0.44383067
0.63753164
430
371
32
14
Circle
0.51615953
0.14712973
0.76366466
267
267
10
Rectangle
0.5958739
0.7538682
0.32276377
619
536
11
12
Line
0.6917325
0.8959014
0.5405744
106.9453
153.46306
122.0547
280.53696
Line
0.21750541
0.8996857
0.32010865
312.31268
523.7566
374.68732
527.2434
Rectangle
0.043549914
0.7545701
0.9607227
562
328
33
20
Rectangle
0.30460525
0.05182043
0.8865322
552
293
16
31
Line
0.32651752
0.5509201
0.16614276
211.37738
278.96722
234.62262
203.03282
Line
0.20365001
0.52845854
0.10470901
438.9508
175.30899
325.0492
323.69098
Circle
0.057771537
0.5670339
0.689169
402
342
9
Circle
0.5098117
0.93972594
0.16849269
206
272
10
Circle
0.39579454
0.24619281
0.5499741
84
252
7
Rectangle
0.2582171
0.45750296
0.292642
204
288
20
11
Circle
0.64406264
0.024933623
0.97936946
595
556
11
Rectangle
0.74056214
0.20984527
0.24832912
546
528
14
17
Line
0.3802301
0.2902005
0.76628923
212.6946
475.763
403.30542
541.23706
Rectangle
0.946379
0.800531
0.5231178
174
556
34
19
Rectangle
0.20987579
0.4611957
0.2306894
456
132
17
28
Rectangle
0.62944424
0.9534898
0.10608234
213
431
13
15
Rectangle
0.1454207
0.19653921
0.8209784
154
581
9
32
Circle
0.99935913
0.28250983
0.89815974
301
464
13
Circle
0.61003447
0.7262795
0.33677176
410
347
10
Circle
0.037598804
0.18564409
0.74712366
637
368
16
Line
0.06656087
0.3088473
0.776574
515.4905
413.1385
422.50955
544.8615
Line
0.43937498
0.864803
0.107760854
519.9107
356.15955
502.08932
205.84045
Rectangle
0.27152318
0.8132267
0.8103275
279
362
20
34
Line
0.17963195
0.4702292
0.32718894
240.56975
196.90518
189.43025
308.0948
Rectangle
0.15375225
0.42585528
0.877224
516
435
32
16
Rectangle
0.70476395
0.37006745
0.554796
349
489
28
31
Circle
0.31864375
0.48274177
0.90823084
473
150
19
Line
0.7487411
0.544908
0.27753532
579.8861
449.18234
505.11395
398.81766
Rectangle
0.17679372
0.42643514
0.67378765
316
643
32
14
Rectangle
0.7747734
0.10727256
0.48002565
225
352
15
12
Rectangle
0.6980193
0.8880581
0.7564623
444
643
12
36
Line
0.041505173
0.94622636
0.42973113
412.04193
563.8679
272.95804
494.1322
Circle
0.7902463
0.89440596
0.14865565
388
169
6
Rectangle
0.29468673
0.4967803
0.08706931
348
230
30
34
Rectangle
0.30341503
0.19992675
0.47520372
235
186
17
12
Circle
0.08319346
0.63454086
0.14069033
579
646
12
Rectangle
0.6584063
0.7437971
0.8409986
436
333
16
25
Circle
0.70082706
0.69518113
0.66750085
196
155
9
Circle
0.10092471
0.23178808
0.3036897
175
353
9
Circle
0.75243384
0.61903745
0.41782892
490
645
10
Rectangle
0.5804315
0.84359264
0.9714957
246
543
32
36
Rectangle
0.34550005
0.22049624
0.72569966
613
203
24
18
Line
0.25397503
0.06457717
0.72542495
427.08295
472.2516
382.91705
487.7484
Line
0.90646076
0.5827204
0.04382458
338.03915
149.70647
475.96082
273.29352
Line
0.6151921
0.64299446
0.5674917
100.947136
175.38376
73.052864
260.61624
Circle
0.62205875
0.57701343
0.10397656
536
514
17
Circle
0.24811548
0.671865
0.59294415
489
179
10
Rectangle
0.50596637
0.5074618
0.7018952
167
389
12
11
Circle
0.2062746
0.7961669
0.5880917
182
415
8
Line
0.08987701
0.88036746
0.10757775
564.7156
130.32452
473.28436
125.675476
Circle
0.016296884
0.5447249
0.2529374
519
374
7
Circle
0.74022645
0.29886776
0.100497454
335
350
14
Line
0.30710775
0.78737754
0.048860133
150
330.62894
150
369.37106
Line
0.5993225
0.48249763
0.6295968
165.31447
300
184.68553
300
Line
0.063631095
0.31687367
0.67128515
165.31447
400
184.68553
400
Circle
0.15195166
0.41151157
0.09857479
200
350
17
Line
0.5058748
0.55601674
0.14716025
249.1887
369.37106
260.8113
330.62894
Line
0.41676077
0.5966979
0.2759789
279.1887
330.62894
290.8113
369.37106
Line
0.5925779
0.3895993
0.5579394
264.1887
360
275.8113
360
Line
0.76250494
0.4737083
0.83043915
339.1887
330.62894
350.8113
369.37106
Line
0.15045625
0.12149419
0.38691366
369.1887
369.37106
380.8113
330.62894
Line
0.34958953
0.92263556
0.49067658
420
330.62894
420
369.37106
Rectangle
0.62782675
0.55674917
0.49208045
420
300
17
1
Rectangle
0.19653921
0.91256446
0.83080536
420
345
13
1
Rectangle
0.47358623
0.20838039
0.7036958
420
390
17
1
Rectangle
0
1
1
229
146
110
110
Rectangle
0
1
1
147
151
110
110
Rectangle
0
1
1
204
379
110
110
Rectangle
0
1
1
305
447
110
110
